0	0
1	0
2	0
3	0
4	0
5	0
6	0
7	0
8	0
9	0
10	15
11	40
12	44
13	47
14	55
15	62
16	95
17	95
18	100
19	130
20	187
21	205
22	229
23	318
24	372
25	423
26	351
27	244
28	121
29	86
30	69
31	51
32	66
33	67
34	83
35	93
36	100
37	141
38	163
39	211
40	299
41	350
42	466
43	548
44	666
45	932
46	1203
47	1623
48	2017
49	2172
50	1865
51	1484
52	1000
53	599
54	371
55	212
56	165
57	155
58	156
59	179
60	147
61	183
62	171
63	143
64	178
65	156
66	165
67	160
68	160
69	141
70	133
71	161
72	142
73	161
74	142
75	153
76	155
77	148
78	166
79	179
80	176
81	148
82	157
83	154
84	115
85	147
86	140
87	146
88	149
89	123
90	138
91	124
92	119
93	141
94	145
95	117
96	147
97	121
98	131
99	128
100	125
101	131
102	135
103	116
104	142
105	128
106	137
107	109
108	129
109	99
110	113
111	120
112	122
113	108
114	105
115	108
116	124
117	111
118	118
119	102
120	100
121	100
122	110
123	101
124	94
125	107
126	94
127	90
128	107
129	94
130	91
131	87
132	106
133	90
134	90
135	85
136	98
137	98
138	97
139	69
140	99
141	93
142	90
143	70
144	77
145	83
146	78
147	80
148	83
149	83
150	78
151	68
152	70
153	66
154	78
155	79
156	82
157	66
158	85
159	69
160	60
161	72
162	60
163	64
164	71
165	66
166	63
167	66
168	58
169	74
170	67
171	60
172	66
173	75
174	65
175	70
176	84
177	60
178	54
179	56
180	59
181	58
182	81
183	50
184	63
185	47
186	58
187	48
188	48
189	49
190	40
191	51
192	47
193	57
194	60
195	49
196	50
197	56
198	46
199	41
200	50
201	57
202	61
203	46
204	43
205	47
206	41
207	47
208	36
209	44
210	42
211	47
212	40
213	45
214	44
215	42
216	43
217	36
218	31
219	59
220	57
221	47
222	32
223	41
224	50
225	38
226	35
227	41
228	41
229	41
230	44
231	33
232	43
233	28
234	56
235	37
236	33
237	39
238	38
239	44
240	36
241	29
242	38
243	36
244	43
245	30
246	30
247	34
248	41
249	38
250	37
251	43
252	35
253	38
254	32
255	40
256	41
257	28
258	40
259	44
260	38
261	36
262	39
263	41
264	45
265	33
266	40
267	42
268	38
269	29
270	28
271	23
272	34
273	26
274	23
275	22
276	27
277	30
278	20
279	22
280	23
281	26
282	25
283	23
284	11
285	16
286	26
287	18
288	21
289	24
290	30
291	13
292	26
293	11
294	23
295	20
296	15
297	10
298	17
299	14
300	14
301	15
302	21
303	11
304	15
305	16
306	14
307	10
308	8
309	17
310	15
311	11
312	10
313	13
314	18
315	19
316	17
317	15
318	13
319	15
320	17
321	12
322	21
323	14
324	13
325	14
326	8
327	12
328	19
329	9
330	17
331	11
332	15
333	15
334	13
335	14
336	11
337	12
338	17
339	12
340	14
341	16
342	25
343	19
344	8
345	14
346	16
347	16
348	13
349	23
350	16
351	22
352	18
353	23
354	21
355	14
356	19
357	24
358	22
359	14
360	17
361	32
362	23
363	23
364	24
365	24
366	41
367	40
368	31
369	22
370	30
371	29
372	27
373	33
374	27
375	31
376	27
377	29
378	27
379	30
380	24
381	23
382	21
383	25
384	25
385	18
386	26
387	22
388	20
389	19
390	20
391	18
392	16
393	18
394	14
395	14
396	11
397	10
398	7
399	13
400	8
401	9
402	15
403	15
404	6
405	13
406	3
407	13
408	7
409	11
410	16
411	7
412	10
413	14
414	11
415	16
416	10
417	9
418	13
419	8
420	10
421	16
422	15
423	13
424	10
425	11
426	10
427	10
428	13
429	11
430	6
431	16
432	13
433	11
434	14
435	13
436	6
437	10
438	14
439	6
440	8
441	19
442	10
443	8
444	6
445	6
446	12
447	5
448	5
449	10
450	10
451	7
452	7
453	7
454	7
455	8
456	9
457	8
458	11
459	8
460	14
461	11
462	12
463	2
464	6
465	8
466	10
467	4
468	11
469	3
470	15
471	11
472	13
473	13
474	17
475	15
476	13
477	16
478	8
479	6
480	11
481	12
482	8
483	13
484	8
485	9
486	13
487	7
488	9
489	5
490	9
491	11
492	6
493	12
494	9
495	7
496	3
497	12
498	10
499	9
500	8
501	3
502	7
503	5
504	8
505	9
506	5
507	3
508	4
509	8
510	6
511	8
512	5
513	6
514	7
515	6
516	4
517	7
518	6
519	3
520	5
521	9
522	4
523	9
524	4
525	6
526	4
527	4
528	6
529	7
530	3
531	8
532	5
533	5
534	6
535	11
536	5
537	4
538	7
539	7
540	3
541	3
542	2
543	3
544	4
545	5
546	4
547	9
548	5
549	5
550	5
551	3
552	6
553	5
554	4
555	3
556	4
557	3
558	5
559	3
560	10
561	8
562	5
563	5
564	2
565	9
566	6
567	4
568	12
569	4
570	7
571	1
572	7
573	6
574	6
575	8
576	3
577	5
578	6
579	6
580	3
581	4
582	4
583	5
584	8
585	2
586	4
587	1
588	7
589	5
590	7
591	9
592	4
593	5
594	3
595	11
596	5
597	5
598	3
599	5
600	2
601	10
602	4
603	4
604	6
605	10
606	6
607	9
608	3
609	3
610	4
611	6
612	3
613	4
614	5
615	2
616	10
617	8
618	4
619	3
620	3
621	4
622	4
623	4
624	6
625	5
626	3
627	5
628	10
629	8
630	5
631	3
632	8
633	6
634	6
635	2
636	8
637	10
638	4
639	6
640	2
641	2
642	5
643	10
644	7
645	5
646	4
647	7
648	9
649	3
650	1
651	7
652	8
653	5
654	7
655	9
656	9
657	5
658	5
659	5
660	5
661	3
662	4
663	11
664	3
665	9
666	6
667	4
668	6
669	7
670	8
671	4
672	4
673	9
674	1
675	9
676	7
677	9
678	5
679	9
680	9
681	2
682	4
683	7
684	7
685	2
686	5
687	7
688	8
689	3
690	4
691	6
692	8
693	8
694	2
695	1
696	4
697	3
698	6
699	5
700	2
701	3
702	3
703	4
704	7
705	7
706	6
707	4
708	5
709	9
710	5
711	2
712	2
713	4
714	6
715	3
716	10
717	6
718	1
719	4
720	4
721	2
722	1
723	4
724	0
725	2
726	5
727	1
728	2
729	2
730	2
731	4
732	1
733	4
734	6
735	7
736	4
737	3
738	1
739	1
740	3
741	3
742	2
743	3
744	7
745	5
746	4
747	2
748	7
749	1
750	5
751	4
752	2
753	0
754	4
755	4
756	2
757	4
758	1
759	3
760	4
761	5
762	1
763	1
764	5
765	6
766	3
767	5
768	1
769	0
770	2
771	0
772	1
773	2
774	1
775	2
776	2
777	4
778	1
779	4
780	1
781	5
782	2
783	2
784	3
785	9
786	2
787	1
788	3
789	0
790	3
791	3
792	2
793	3
794	4
795	5
796	5
797	3
798	5
799	2
800	2
801	5
802	6
803	4
804	3
805	1
806	1
807	7
808	2
809	2
810	4
811	4
812	0
813	2
814	0
815	2
816	3
817	3
818	5
819	3
820	5
821	2
822	1
823	4
824	4
825	1
826	8
827	3
828	4
829	0
830	5
831	5
832	3
833	2
834	6
835	5
836	3
837	1
838	0
839	1
840	2
841	1
842	4
843	7
844	3
845	4
846	2
847	3
848	6
849	5
850	2
851	9
852	3
853	5
854	4
855	3
856	5
857	3
858	1
859	5
860	2
861	4
862	7
863	3
864	2
865	4
866	1
867	2
868	1
869	1
870	6
871	2
872	2
873	2
874	1
875	0
876	4
877	6
878	4
879	3
880	8
881	3
882	3
883	2
884	1
885	2
886	2
887	4
888	3
889	2
890	7
891	3
892	1
893	5
894	5
895	2
896	2
897	4
898	6
899	2
900	6
901	4
902	2
903	3
904	5
905	2
906	8
907	3
908	2
909	2
910	10
911	4
912	2
913	4
914	6
915	5
916	0
917	6
918	5
919	3
920	3
921	6
922	3
923	2
924	3
925	3
926	8
927	4
928	4
929	4
930	3
931	5
932	4
933	6
934	3
935	6
936	0
937	3
938	3
939	4
940	3
941	3
942	4
943	5
944	3
945	3
946	3
947	2
948	3
949	1
950	4
951	2
952	7
953	4
954	1
955	3
956	2
957	0
958	4
959	1
960	5
961	3
962	0
963	1
964	1
965	1
966	2
967	1
968	3
969	3
970	4
971	4
972	2
973	0
974	2
975	2
976	1
977	2
978	0
979	2
980	4
981	3
982	1
983	6
984	2
985	0
986	2
987	1
988	3
989	0
990	1
991	2
992	2
993	4
994	2
995	1
996	2
997	1
998	0
999	2
1000	2
1001	0
1002	1
1003	0
1004	3
1005	2
1006	0
1007	3
1008	0
1009	1
1010	2
1011	3
1012	0
1013	0
1014	4
1015	5
1016	5
1017	0
1018	3
1019	2
1020	2
1021	1
1022	1
1023	4
