0	0
1	0
2	0
3	0
4	0
5	0
6	0
7	0
8	0
9	0
10	948
11	2764
12	2787
13	2891
14	2950
15	2963
16	3010
17	3104
18	3176
19	3328
20	3680
21	4364
22	6132
23	10177
24	17703
25	27128
26	32490
27	29827
28	21877
29	14987
30	11157
31	8439
32	6294
33	4772
34	4001
35	3598
36	3551
37	3450
38	3448
39	3399
40	3485
41	3471
42	3466
43	3518
44	3642
45	3609
46	3522
47	3549
48	3687
49	3575
50	3590
51	3670
52	3613
53	3572
54	3541
55	3673
56	3655
57	3694
58	3723
59	3584
60	3613
61	3608
62	3724
63	3622
64	3636
65	3793
66	3666
67	3667
68	3565
69	3660
70	3678
71	3502
72	3579
73	3606
74	3539
75	3494
76	3535
77	3521
78	3619
79	3567
80	3507
81	3534
82	3573
83	3578
84	3536
85	3550
86	3521
87	3465
88	3638
89	3476
90	3421
91	3480
92	3528
93	3575
94	3492
95	3491
96	3693
97	3467
98	3536
99	3457
100	3441
101	3463
102	3424
103	3459
104	3397
105	3312
106	3412
107	3474
108	3401
109	3403
110	3350
111	3345
112	3422
113	3395
114	3333
115	3318
116	3379
117	3296
118	3296
119	3419
120	3253
121	3255
122	3266
123	3331
124	3346
125	3281
126	3340
127	3290
128	3283
129	3223
130	3276
131	3437
132	3410
133	3341
134	3393
135	3494
136	3431
137	3596
138	3690
139	3689
140	3825
141	3782
142	3904
143	3851
144	3864
145	4047
146	4267
147	4152
148	4181
149	4142
150	4303
151	4318
152	4294
153	4239
154	4189
155	4068
156	4208
157	4220
158	4140
159	4182
160	4164
161	4081
162	4044
163	4018
164	4135
165	4006
166	4029
167	4066
168	4016
169	3847
170	3889
171	3964
172	3872
173	3813
174	3811
175	3887
176	3789
177	3812
178	3793
179	3804
180	3661
181	3686
182	3605
183	3726
184	3635
185	3727
186	3589
187	3536
188	3614
189	3440
190	3539
191	3555
192	3467
193	3434
194	3532
195	3503
196	3493
197	3396
198	3358
199	3453
200	3387
201	3365
202	3332
203	3377
204	3368
205	3242
206	3295
207	3250
208	3350
209	3291
210	3268
211	3167
212	3331
213	3133
214	3245
215	3212
216	3196
217	3273
218	3116
219	3179
220	3137
221	3173
222	3156
223	3125
224	3099
225	3033
226	3058
227	3172
228	3080
229	3078
230	3075
231	3163
232	3098
233	3079
234	3082
235	3082
236	2947
237	3085
238	2997
239	3064
240	2923
241	3140
242	3026
243	3060
244	2965
245	3110
246	3121
247	2977
248	3061
249	2906
250	3017
251	2910
252	2993
253	2948
254	2964
255	2926
256	3066
257	2984
258	3013
259	3014
260	3023
261	2992
262	2925
263	3058
264	2974
265	3035
266	2920
267	2985
268	2903
269	2965
270	3002
271	3003
272	2991
273	2839
274	2923
275	2864
276	2968
277	2961
278	2854
279	2961
280	3020
281	2876
282	2929
283	2890
284	2921
285	2855
286	2927
287	2930
288	2952
289	3005
290	2977
291	2927
292	2853
293	3019
294	2848
295	3032
296	2960
297	2872
298	2907
299	2962
300	2975
301	2964
302	2925
303	2918
304	2955
305	2970
306	2966
307	3035
308	3014
309	3046
310	3006
311	3052
312	2943
313	2961
314	2962
315	3030
316	3007
317	3031
318	2959
319	3017
320	2995
321	3016
322	2986
323	3039
324	2961
325	3102
326	3087
327	2921
328	2854
329	2857
330	2859
331	2792
332	2843
333	2826
334	2659
335	2682
336	2556
337	2526
338	2421
339	2440
340	2341
341	2306
342	2175
343	2164
344	2072
345	2034
346	1904
347	1818
348	1768
349	1704
350	1715
351	1581
352	1507
353	1447
354	1413
355	1357
356	1255
357	1264
358	1180
359	1188
360	1073
361	1057
362	1073
363	997
364	974
365	940
366	893
367	930
368	901
369	848
370	884
371	784
372	793
373	768
374	763
375	756
376	694
377	721
378	720
379	635
380	592
381	647
382	608
383	634
384	589
385	566
386	544
387	559
388	557
389	545
390	540
391	529
392	500
393	444
394	500
395	493
396	465
397	462
398	499
399	423
400	446
401	439
402	448
403	415
404	380
405	394
406	408
407	433
408	408
409	414
410	409
411	391
412	415
413	408
414	343
415	365
416	368
417	404
418	384
419	372
420	375
421	400
422	373
423	396
424	361
425	392
426	408
427	423
428	428
429	398
430	396
431	422
432	423
433	467
434	459
435	456
436	543
437	527
438	612
439	655
440	686
441	818
442	853
443	980
444	1124
445	1306
446	1437
447	1615
448	1790
449	2057
450	2240
451	2525
452	2861
453	3093
454	3605
455	4089
456	4457
457	4928
458	5426
459	5951
460	6639
461	7230
462	7830
463	8450
464	9248
465	10091
466	10537
467	11427
468	12187
469	12839
470	13771
471	14105
472	15112
473	15753
474	16062
475	16832
476	17364
477	17859
478	18386
479	18493
480	18973
481	18858
482	19156
483	19435
484	19115
485	19087
486	19043
487	18840
488	18404
489	17704
490	17660
491	17193
492	16530
493	15844
494	15130
495	14235
496	13680
497	13031
498	11817
499	11246
500	10532
501	9711
502	8827
503	8213
504	7478
505	6984
506	6125
507	5564
508	4919
509	4371
510	4024
511	3359
512	2937
513	2654
514	2265
515	2031
516	1752
517	1432
518	1348
519	1136
520	943
521	867
522	745
523	661
524	550
525	515
526	425
527	391
528	374
529	294
530	245
531	253
532	265
533	200
534	222
535	218
536	200
537	187
538	191
539	174
540	172
541	139
542	163
543	165
544	170
545	144
546	180
547	140
548	123
549	133
550	162
551	152
552	123
553	130
554	138
555	145
556	138
557	144
558	102
559	132
560	133
561	110
562	138
563	106
564	103
565	112
566	104
567	111
568	124
569	119
570	118
571	132
572	117
573	108
574	93
575	97
576	114
577	90
578	105
579	90
580	108
581	87
582	103
583	96
584	106
585	101
586	97
587	125
588	122
589	84
590	86
591	108
592	97
593	93
594	76
595	99
596	94
597	87
598	91
599	107
600	94
601	91
602	88
603	82
604	84
605	97
606	74
607	86
608	85
609	109
610	102
611	85
612	82
613	89
614	90
615	88
616	81
617	78
618	94
619	73
620	104
621	94
622	77
623	70
624	78
625	82
626	62
627	77
628	74
629	80
630	81
631	73
632	73
633	76
634	83
635	86
636	65
637	76
638	72
639	62
640	89
641	74
642	84
643	72
644	79
645	90
646	74
647	71
648	72
649	73
650	65
651	84
652	78
653	86
654	69
655	55
656	67
657	79
658	77
659	62
660	85
661	67
662	78
663	53
664	68
665	85
666	94
667	73
668	62
669	68
670	66
671	69
672	70
673	66
674	65
675	78
676	48
677	79
678	67
679	64
680	58
681	51
682	59
683	62
684	70
685	77
686	61
687	70
688	58
689	52
690	69
691	56
692	61
693	57
694	58
695	47
696	63
697	66
698	62
699	54
700	50
701	60
702	52
703	67
704	54
705	53
706	51
707	50
708	49
709	52
710	46
711	48
712	57
713	49
714	53
715	46
716	38
717	51
718	52
719	55
720	53
721	54
722	39
723	52
724	54
725	56
726	45
727	32
728	45
729	34
730	46
731	49
732	46
733	45
734	42
735	40
736	34
737	53
738	39
739	57
740	43
741	35
742	36
743	45
744	47
745	40
746	45
747	49
748	44
749	32
750	39
751	33
752	46
753	37
754	37
755	34
756	43
757	44
758	31
759	38
760	47
761	45
762	30
763	30
764	30
765	46
766	40
767	53
768	43
769	40
770	29
771	38
772	37
773	43
774	30
775	32
776	35
777	35
778	29
779	43
780	30
781	31
782	36
783	44
784	44
785	39
786	45
787	33
788	39
789	44
790	49
791	24
792	25
793	35
794	35
795	45
796	34
797	35
798	35
799	37
800	31
801	22
802	53
803	34
804	40
805	37
806	31
807	22
808	36
809	35
810	34
811	39
812	33
813	33
814	25
815	27
816	37
817	25
818	33
819	34
820	21
821	29
822	29
823	29
824	25
825	28
826	25
827	29
828	27
829	34
830	33
831	31
832	36
833	20
834	28
835	19
836	23
837	27
838	23
839	29
840	30
841	28
842	19
843	19
844	35
845	23
846	37
847	31
848	30
849	17
850	27
851	28
852	29
853	41
854	26
855	30
856	24
857	27
858	31
859	28
860	26
861	19
862	22
863	31
864	19
865	22
866	23
867	19
868	24
869	26
870	21
871	17
872	22
873	22
874	21
875	29
876	24
877	21
878	39
879	11
880	19
881	16
882	24
883	26
884	24
885	15
886	14
887	20
888	30
889	27
890	23
891	26
892	29
893	27
894	27
895	24
896	30
897	18
898	25
899	29
900	23
901	24
902	25
903	20
904	22
905	26
906	24
907	34
908	30
909	26
910	17
911	23
912	27
913	25
914	20
915	25
916	20
917	31
918	17
919	27
920	36
921	32
922	37
923	24
924	28
925	30
926	27
927	28
928	34
929	26
930	29
931	31
932	27
933	32
934	34
935	33
936	37
937	25
938	24
939	25
940	33
941	34
942	42
943	26
944	27
945	37
946	27
947	23
948	33
949	28
950	24
951	21
952	30
953	34
954	30
955	34
956	32
957	27
958	28
959	33
960	23
961	22
962	27
963	26
964	18
965	36
966	17
967	17
968	32
969	30
970	32
971	24
972	29
973	26
974	30
975	25
976	20
977	19
978	19
979	15
980	27
981	26
982	17
983	24
984	20
985	20
986	12
987	14
988	13
989	23
990	16
991	10
992	14
993	13
994	17
995	18
996	16
997	15
998	16
999	13
1000	11
1001	10
1002	14
1003	14
1004	7
1005	11
1006	12
1007	4
1008	10
1009	7
1010	13
1011	10
1012	11
1013	12
1014	8
1015	9
1016	13
1017	8
1018	6
1019	7
1020	3
1021	12
1022	11
1023	9
