0	0
1	0
2	0
3	0
4	0
5	0
6	0
7	0
8	0
9	0
10	92
11	208
12	217
13	210
14	248
15	249
16	248
17	249
18	249
19	239
20	276
21	269
22	288
23	294
24	278
25	235
26	262
27	270
28	251
29	281
30	254
31	269
32	293
33	263
34	268
35	314
36	275
37	297
38	310
39	316
40	317
41	326
42	335
43	341
44	337
45	337
46	328
47	380
48	406
49	335
50	324
51	364
52	378
53	369
54	371
55	400
56	392
57	400
58	413
59	416
60	425
61	395
62	383
63	433
64	395
65	437
66	389
67	405
68	421
69	391
70	407
71	378
72	426
73	373
74	364
75	395
76	390
77	383
78	398
79	387
80	414
81	359
82	357
83	367
84	394
85	350
86	345
87	364
88	362
89	395
90	352
91	377
92	372
93	393
94	355
95	392
96	396
97	396
98	400
99	356
100	374
101	360
102	366
103	367
104	350
105	358
106	376
107	355
108	371
109	352
110	338
111	358
112	367
113	343
114	383
115	357
116	321
117	351
118	375
119	345
120	341
121	371
122	314
123	323
124	339
125	332
126	359
127	321
128	317
129	348
130	343
131	340
132	314
133	347
134	349
135	309
136	321
137	316
138	336
139	333
140	358
141	339
142	340
143	339
144	314
145	351
146	367
147	295
148	341
149	369
150	355
151	360
152	352
153	360
154	366
155	378
156	348
157	373
158	374
159	347
160	361
161	340
162	360
163	379
164	386
165	398
166	363
167	338
168	365
169	360
170	363
171	348
172	346
173	361
174	333
175	360
176	359
177	353
178	339
179	329
180	343
181	343
182	336
183	303
184	278
185	334
186	321
187	331
188	324
189	294
190	319
191	310
192	338
193	330
194	316
195	315
196	260
197	295
198	279
199	305
200	258
201	276
202	282
203	310
204	273
205	281
206	287
207	263
208	302
209	260
210	288
211	285
212	276
213	275
214	281
215	304
216	283
217	255
218	295
219	293
220	293
221	305
222	255
223	292
224	283
225	281
226	252
227	279
228	232
229	264
230	264
231	243
232	269
233	236
234	280
235	272
236	286
237	261
238	240
239	262
240	246
241	267
242	263
243	237
244	247
245	263
246	257
247	233
248	260
249	247
250	247
251	246
252	258
253	264
254	256
255	270
256	270
257	231
258	262
259	256
260	268
261	271
262	239
263	235
264	264
265	247
266	246
267	240
268	265
269	246
270	242
271	253
272	257
273	214
274	264
275	253
276	253
277	236
278	220
279	227
280	252
281	244
282	232
283	218
284	219
285	218
286	237
287	249
288	261
289	206
290	226
291	229
292	219
293	223
294	215
295	228
296	207
297	213
298	212
299	219
300	236
301	215
302	176
303	230
304	221
305	231
306	210
307	200
308	248
309	210
310	205
311	216
312	225
313	208
314	221
315	226
316	228
317	214
318	221
319	201
320	211
321	212
322	220
323	206
324	228
325	199
326	202
327	210
328	176
329	221
330	229
331	189
332	222
333	254
334	214
335	252
336	216
337	225
338	210
339	200
340	229
341	230
342	203
343	232
344	230
345	241
346	231
347	226
348	224
349	224
350	241
351	238
352	215
353	251
354	230
355	233
356	220
357	226
358	242
359	215
360	233
361	220
362	229
363	226
364	241
365	243
366	237
367	265
368	229
369	251
370	266
371	231
372	247
373	242
374	224
375	242
376	219
377	238
378	245
379	225
380	226
381	239
382	232
383	256
384	241
385	250
386	239
387	240
388	225
389	246
390	226
391	249
392	226
393	227
394	229
395	227
396	222
397	215
398	233
399	205
400	205
401	212
402	237
403	228
404	216
405	231
406	243
407	214
408	201
409	241
410	225
411	236
412	231
413	244
414	243
415	213
416	234
417	236
418	233
419	217
420	217
421	241
422	239
423	244
424	245
425	228
426	252
427	228
428	231
429	225
430	242
431	231
432	260
433	221
434	242
435	235
436	214
437	222
438	254
439	214
440	234
441	220
442	211
443	201
444	222
445	212
446	230
447	186
448	210
449	210
450	191
451	199
452	186
453	156
454	153
455	186
456	198
457	165
458	166
459	145
460	138
461	144
462	136
463	130
464	132
465	138
466	118
467	116
468	106
469	103
470	98
471	96
472	111
473	91
474	75
475	79
476	110
477	69
478	64
479	71
480	68
481	73
482	51
483	71
484	64
485	80
486	65
487	61
488	56
489	59
490	53
491	59
492	55
493	54
494	42
495	51
496	52
497	40
498	53
499	57
500	39
501	46
502	48
503	42
504	35
505	44
506	45
507	45
508	38
509	36
510	49
511	37
512	35
513	35
514	37
515	39
516	41
517	34
518	38
519	34
520	24
521	30
522	28
523	26
524	29
525	36
526	29
527	28
528	23
529	23
530	30
531	32
532	28
533	35
534	28
535	32
536	31
537	24
538	30
539	31
540	37
541	34
542	27
543	24
544	30
545	23
546	36
547	33
548	32
549	27
550	33
551	50
552	46
553	34
554	45
555	47
556	55
557	68
558	51
559	58
560	85
561	97
562	95
563	109
564	131
565	137
566	158
567	140
568	167
569	193
570	208
571	237
572	274
573	298
574	302
575	332
576	392
577	387
578	476
579	477
580	512
581	534
582	601
583	611
584	639
585	704
586	747
587	747
588	745
589	860
590	866
591	898
592	912
593	935
594	1025
595	1021
596	1049
597	1145
598	1101
599	1088
600	1150
601	1106
602	1137
603	1134
604	1221
605	1151
606	1156
607	1154
608	1138
609	1137
610	1115
611	1091
612	1085
613	1008
614	1018
615	977
616	951
617	878
618	879
619	798
620	820
621	772
622	755
623	646
624	637
625	613
626	554
627	505
628	452
629	442
630	407
631	371
632	315
633	302
634	280
635	244
636	223
637	202
638	182
639	128
640	125
641	122
642	96
643	96
644	71
645	87
646	46
647	49
648	45
649	43
650	43
651	29
652	26
653	27
654	24
655	24
656	14
657	16
658	14
659	19
660	17
661	14
662	12
663	7
664	12
665	12
666	9
667	13
668	11
669	6
670	5
671	11
672	12
673	13
674	11
675	9
676	10
677	6
678	7
679	9
680	14
681	15
682	9
683	16
684	2
685	10
686	5
687	7
688	8
689	6
690	13
691	14
692	7
693	11
694	12
695	11
696	9
697	6
698	12
699	12
700	10
701	3
702	4
703	13
704	7
705	4
706	7
707	4
708	8
709	6
710	12
711	5
712	7
713	7
714	7
715	11
716	11
717	8
718	8
719	5
720	8
721	9
722	9
723	7
724	3
725	3
726	8
727	3
728	3
729	12
730	7
731	4
732	4
733	6
734	9
735	8
736	4
737	4
738	5
739	6
740	5
741	5
742	6
743	4
744	6
745	5
746	4
747	3
748	3
749	7
750	8
751	4
752	6
753	5
754	6
755	2
756	8
757	4
758	5
759	9
760	2
761	6
762	3
763	4
764	1
765	5
766	5
767	5
768	2
769	5
770	3
771	4
772	7
773	3
774	4
775	3
776	6
777	2
778	6
779	4
780	0
781	5
782	4
783	6
784	3
785	2
786	5
787	10
788	5
789	5
790	7
791	4
792	5
793	5
794	9
795	6
796	9
797	8
798	3
799	5
800	4
801	7
802	9
803	5
804	2
805	2
806	6
807	9
808	3
809	4
810	7
811	6
812	3
813	2
814	3
815	13
816	7
817	6
818	5
819	9
820	5
821	7
822	7
823	7
824	2
825	8
826	6
827	7
828	1
829	7
830	6
831	6
832	6
833	13
834	5
835	6
836	8
837	9
838	3
839	6
840	6
841	6
842	5
843	11
844	7
845	7
846	6
847	8
848	8
849	3
850	8
851	4
852	5
853	1
854	4
855	6
856	12
857	8
858	5
859	7
860	3
861	5
862	7
863	4
864	5
865	10
866	4
867	5
868	4
869	3
870	4
871	2
872	7
873	8
874	3
875	2
876	3
877	4
878	6
879	3
880	8
881	5
882	8
883	4
884	5
885	2
886	3
887	8
888	4
889	3
890	8
891	8
892	4
893	4
894	5
895	3
896	6
897	7
898	5
899	6
900	2
901	8
902	3
903	4
904	7
905	5
906	6
907	1
908	9
909	4
910	11
911	3
912	10
913	6
914	6
915	6
916	7
917	5
918	8
919	8
920	4
921	5
922	3
923	2
924	6
925	2
926	6
927	2
928	5
929	7
930	5
931	4
932	7
933	6
934	2
935	7
936	7
937	7
938	8
939	2
940	6
941	7
942	4
943	9
944	2
945	4
946	4
947	1
948	2
949	1
950	1
951	4
952	2
953	3
954	4
955	3
956	5
957	4
958	6
959	4
960	3
961	2
962	5
963	6
964	3
965	2
966	1
967	4
968	3
969	3
970	3
971	4
972	2
973	5
974	5
975	5
976	1
977	5
978	5
979	3
980	1
981	6
982	3
983	4
984	0
985	1
986	3
987	2
988	3
989	3
990	2
991	3
992	0
993	4
994	1
995	0
996	3
997	3
998	3
999	2
1000	1
1001	5
1002	0
1003	5
1004	4
1005	4
1006	9
1007	3
1008	2
1009	3
1010	1
1011	0
1012	1
1013	2
1014	5
1015	5
1016	2
1017	3
1018	4
1019	4
1020	3
1021	2
1022	1
1023	4
